Single|100|100|0|||0
Single|101|100|0|||6
Single|102|100|0|||0
Single|103|100|0|||0
Single|104|100|0|||0
Single|105|100|0|||0
Single|106|100|0|||0
Single|107|100|0|||0
Single|108|100|0|||0
Single|109|100|0|||0
Double|200|150|0|||0
Double|201|150|0|||0
Double|202|150|0|||6
Double|203|150|0|||0
Double|204|150|0|||0
Double|205|150|0|||0
Double|206|150|0|||0
Double|207|150|0|||0
Double|208|150|0|||0
Double|209|150|0|||0
Suite|300|200|0|||0
Suite|301|200|0|||0
Suite|302|200|0|||0
Suite|303|200|0|||6
Suite|304|200|0|||0
Suite|305|200|0|||0
Suite|306|200|0|||0
Suite|307|200|0|||0
Suite|308|200|0|||0
Suite|309|200|0|||0
